PyTrx/Examples/results/test_velocity1/asciifiles/KR1_140705_160000.JPG_interpmap.txt
ncols 200
nrows 295
xllcorner 447300.0
yllcorner 8755750.0
cellsize 10.0
NODATA_value -999.999
[rows 147 to 167 of 295, columns 47 to 93 of 200]
0.8762375303169591 0.7319355272719887 0.7058991733158304 1.1258098403862187 0.7012026065303032 0.5428859532929902 0.7005994750316713 0.6598772288974174 0.5490193990185328 0.6338562531867652 0.7959373458971275 1.2041463673514252 1.9793631274963768 2.513087632474846 1.1528428827031998 0.8500002540806572 0.5275983480900038 0.558319063725422 0.945728658709436 1.0546970508334532 0.8473600858439203 1.6101875808168333 1.4714671929582082 1.0202431034173984 0.6208904227747358 0.5827307435685816 0.7830499213056561 0.6765430184780827 0.5870536284524701 0.6151577801919403 0.9364957409179389 0.5099449559301392 0.4363292499678137 0.559021961729975 1.5375014737040207 2.770350182728768 3.5512729826442575 1.188069106548702 1.2924280731757667 1.396787039802831 1.192874548665375 0.9184143818768652 0.7511336584138155 0.6208122566219924 0.9135046545166734 0.7080464273886482 0.8185261339946945
0.6568166339867392 0.9294554759672897 1.2711488005345721 1.1427683258717805 0.6758343851036857 1.0367823879996096 1.0076128589461857 0.7523238116974648 0.5533642974847899 0.7116813335077139 0.7489780055874103 1.2740546385657439 2.0654020918934264 2.7658572909256884 1.5864826166073431 0.7296567350964523 0.570985794833516 0.7087748637515605 1.4987605253589489 1.5267863265001667 0.6817442136171515 1.3647854771616998 1.3005267054683225 1.079307170936535 0.8020822328026298 0.6926645620312479 0.7035767738796715 0.4962366375446767 0.42719727384488715 0.6643311875520185 0.6401117713092064 0.5540900538421267 0.5637659613889032 0.5245427038796091 1.0813986430766138 2.865589518999255 4.649780394921896 1.9743840865563502 1.3864105892125353 1.3291633223155945 1.2719160554186537 1.0569554086740227 0.7886576454264458 0.560161112186753 0.935620371350623 0.581432317067989 0.5627924323359927
0.46319355492874426 1.151595831701845 2.5079496032041586 1.9092415409887802 1.4291528894961536 1.1694390341696501 1.112965840921678 0.8779233549388065 0.6444227384804017 0.6386729755502412 0.6066625190648884 1.0817876757642395 1.6341665801839256 1.9894509090818029 2.197715428031933 1.326606325204962 0.5503489334442184 0.6415468006870332 1.3947051372598789 1.242441410918545 0.5720794715113946 1.4408237983568841 1.9423920810096538 1.2175084865770094 0.7259990818233107 0.635140821286938 0.5929160541331566 0.51305392542434 0.5283215671685259 0.5232845513860581 0.46843799588113155 0.40915823870088774 0.9002469836924275 1.6085071314485782 0.8212448077901757 2.1019566049627745 1.9140630261170437 1.5997455539973442 1.4519368748856347 1.3877787947851592 1.323620714684684 1.2464455841797042 1.0629251426847546 0.9609572207293294 0.8311269053513484 0.7306385909189763 0.4491391428287684
0.4505019451393074 0.9833288381322816 1.4838503897377366 2.1643954094561106 1.543900042957206 1.1698202167526979 1.8597109374449168 1.167300295932129 1.054105178978907 0.5543802122935335 0.5359332093065148 0.5622404093655444 1.0110039916348907 1.3151582074179031 1.6742350694260317 1.2363247561418844 0.5580975302351094 0.5536368094921951 1.273280517990605 0.8908282197462342 1.4500816928447282 1.7489158271620013 2.007365442793114 1.439527661063552 0.7092544383750141 0.61199246941227 0.7930017399746127 0.8789763883392128 0.5850793838039955 0.6349248862187998 1.1819261030454873 0.6311077319188745 1.1521033397020932 1.9244457259500654 1.5537123502859265 1.037001632476439 1.5824484641626582 1.811490330724462 1.589849162190399 1.5186667063129042 1.4473632343510259 0.9713785830127092 1.0374770693477664 0.8212032375634359 0.5239751574259245 0.9390747490878653 0.5647439555012024
0.7266461338432142 0.7937071019449549 1.1950934892802947 1.7235961647242115 1.0980145009160975 0.9026734532509348 1.267488093774468 0.7822494900869328 0.8598601610391693 0.5347890726411451 0.6590825891542721 0.7265134233392125 0.7851919326551999 0.7668157573122931 1.125892619320422 0.7356488794102843 0.7280292936422152 0.8515205210473376 1.1397755139947607 1.1836864053102787 1.3088906669666796 1.5632507043693364 1.6481420940285259 1.830415371632657 1.3533174534045151 0.6122749442547561 0.6921897389731263 0.6972291819333991 0.4884751108081602 0.8546053250690275 1.1096226567804814 1.073682794561029 1.006435036470652 1.4375935110352576 1.0916051361867567 1.4309284248946301 2.057234868969237 2.02323510745158 1.8015939389175168 1.6482808845223476 0.7447373629760011 0.7181603023950986 0.7994331046136619 0.8683901512537783 0.8818795923769619 1.02465306168203 0.8008714389606202
1.0487934445661522 0.8933974390978003 1.6152731543957533 1.5078580611039492 0.7134896168144585 0.7551961495688123 0.6864285847119244 0.7485911370936056 0.8059629684899366 0.5252479853049685 0.9574316834340639 1.0914873544892167 1.1850343982032325 1.146961193679789 0.9988194610244502 0.8892487041297971 0.9083467295115496 0.9539697279621187 0.9995927264126874 1.105381529854009 1.1880031529631006 1.1542818356218114 1.7470176842685206 3.0875407270002313 1.0697327666698229 0.6180471308670983 0.6234927343332067 0.7060604485273754 0.5520909883658535 0.8683574768579627 0.7343335379817499 0.5792261827253724 0.5523464582443711 0.9507412961204496 1.1479119950780265 1.7106343838463018 2.0032807659710903 1.6366093293497905 1.2449950122934124 0.8486552066320806 0.46499190821128844 0.5304188353505099 0.6166011835788046 0.6669949959645076 0.8443674548806821 1.0222899041070526 0.9290709804831649
0.6386740469198936 0.9796047113750039 1.756426233118927 1.0303491545205945 1.0529496985195979 1.1091181537348247 1.0091417840971775 0.7376015844453394 0.6984796397526837 0.5668121438019869 0.7503726809085893 0.7387647552931331 0.7644401750551606 1.4312957231654635 1.25733269306977 1.1014181752536598 0.977043761969652 0.8445698624976419 0.7167993236890224 0.6372042332484836 0.7538473945242523 0.8862641547881309 2.8238143692395967 3.166676060562109 1.086435654141296 0.7087550287345126 0.6210229705119795 0.9411445599995828 0.800706944564897 0.5691684431318237 0.5445384550274486 0.5199084669230732 0.4942128568918843 0.912754308595277 1.1702960666112994 1.6589314642330741 1.4985013808851886 1.1520763770213656 0.8122383699321104 0.5704051139108826 0.5090810898102472 0.5358410929056568 0.5590115924379573 0.5990646592624445 0.8355736801865783 1.0134961294129488 0.9141312995597715
0.6369899072558074 0.9236881223350484 0.9054819616578773 1.4438883278505457 1.5143955363529007 1.5410146224633992 1.188164150019292 0.8418608333626587 0.6493400665033835 0.6064992463443616 1.5096822116471005 1.6325841268588235 0.9447768054550362 1.4377032645028778 1.5595095662622256 0.9207838505983441 1.0767671687418405 1.1238927308737758 1.0594103369646533 0.9685919684989854 1.0505534076931793 1.2465723614798772 2.8839087448059155 2.929168746315887 1.534796384855533 1.1675146898627162 0.7863122515269958 0.7535213747303932 0.7571307315768189 0.7931901877527522 0.6362242195421786 0.47925825133160516 0.6557292540663138 1.322559122785912 1.7949922732941492 1.2887524547710183 0.9937219957992871 0.6675434246929406 0.5660085695670127 0.6238146534580274 0.5750152793264497 0.5835661313894965 0.5909391616245643 0.535498565536767 0.659138318929361 0.9602378369067366 0.8598578931756361
0.502688316140314 0.6723853047172508 1.2249299765676762 1.8440902800876926 1.9126759915126041 1.6044129202683908 1.194919261782814 0.7231093988982802 0.6261639471070142 0.6704989184943098 1.270994467438924 1.1338302232893143 0.6706662428748735 1.1775058112833159 0.7614140432972185 0.6250890728178716 0.8226190199280226 0.8238557791505485 0.8104224103318913 0.5669827978799873 1.080666248352272 1.623181086547929 1.9696383529208967 2.131948728454723 2.1438973048470515 1.8025248806393765 1.6411819035672666 1.3348097824039842 1.0284376612407016 1.1152365621895 1.0935951171329719 1.06344076871242 0.8685332398043077 1.4584788486447329 1.6836689329428838 1.6166559177465407 1.5488944493915167 1.3908137238307372 1.3861896996872543 0.7183497294341931 0.561416061304967 0.5523105566342096 0.6039125615848473 0.630239761046239 0.597035096367827 0.8367654043144322 0.8823457820262578
0.4520299436355868 1.0055603126694443 1.5294614234300374 1.8895663989026152 1.6855440135618258 1.6678112180733824 1.2511479264875458 1.0310728200671364 0.5257985587208779 0.8453023695792411 1.297176972128453 1.6366096813923583 0.4778088047841365 1.2816927330094603 0.9299275915616144 0.6756898373357532 0.5722422296929901 0.537419455816503 0.5967667951525109 0.7486035924252021 0.9368392050555278 2.12572025028377 2.166655303081757 2.2168449983395027 2.2497713739733265 2.1841430873545065 1.8315516942594703 1.4740158678656368 1.09558443573912 0.7534999402722361 0.949597445779979 1.003268938018232 1.0498993605366604 1.1064175209516591 1.0982854546390872 1.0838553391038537 0.9977282170108812 0.9016606343551155 0.5490744689301924 0.5202642242574249 0.531455665847769 0.8349298502606777 0.8443871431885788 0.6772891668158187 0.6119831874766222 0.7011879198429516 0.8058492840788762
0.4861842079215626 1.329759681855499 1.8339928702923989 1.4268043861591369 0.9689047790998027 1.3486040562227446 1.2150206265175272 1.3851509150110068 0.9197326344020154 0.797917347582988 1.204492649850846 1.0913119543416172 0.6990814809421149 1.2060532766574057 1.0918177937102418 0.8374259767562994 1.591590958816591 1.0883658213200778 0.48522131999128554 0.6902520308763546 0.6397454888831313 1.5426146593832706 1.9414310007287805 1.6200565757405596 1.9460073444081354 2.2728301972506304 1.6778906803506106 1.3252992872555747 0.9727078941605386 0.7138846153463163 0.8961953771842059 1.3232071171175703 1.0197500012179503 0.6618627674313706 0.49712192603163385 0.6393857028537732 0.6808425416958257 0.6811616456571208 0.5747776535922418 0.5869278132540743 0.5644047457407663 0.8333009187129701 0.9869507618433241 0.6303545886980229 0.5251298326049485 0.6278078790389743 0.7112670612663476
0.5330474273674802 1.1813387974973337 1.5803415341799494 1.1141071542057928 0.6884393340009068 0.7193376649746652 1.4014082854959717 1.0318352878173005 0.8273340947923107 0.7178958406644377 1.1269148191871665 1.203486715761528 1.1125384755730143 1.1259447333905508 1.0162839636480203 0.90662319390549 0.7004480510609268 0.4443326243065955 0.49226834967080113 0.5221173539029476 1.0272785201291446 1.3992453164968799 1.5934233821804082 1.4468814203124163 2.020653807926622 2.367408055069994 1.579190416910536 1.1716382733467148 1.0665940624064618 0.6984104951173241 0.6935156405375816 1.1804392244827846 1.0560960304187053 0.6060780049122966 0.6311365861837954 0.5906377568015269 1.0832435390305633 0.8858590608989594 0.6292213174533329 0.5983666560748369 0.5776292978481974 0.940075039176506 0.8731861664106157 0.7963032522884312 0.600805273895789 0.6215540853465376 0.6402827661579881
0.5107212329674158 0.8814187803202487 1.2330823548821324 0.9215388114184871 0.9096302677975454 0.919644667118664 1.0734939889847916 0.8431149794295885 0.5942756685362542 0.6743008419864761 0.9455478608564795 1.1110156450022899 0.9078695628537725 1.605287014111246 1.0866032744659935 0.6943639595358945 0.5712683762071566 0.4586074243266438 0.44945705503277367 0.8125391497568281 1.693948231690563 2.5010387168115766 2.070453318009096 1.592941420757679 2.1302080179140606 2.220562664218683 1.019225212975736 1.3036982706460203 1.1345519442502054 0.6395441849742625 0.6240469463770935 0.8700191475023147 0.6079003208834037 0.6061861206618158 0.6661677413980573 0.8771484772997744 1.0238564719404502 0.8522443072244545 0.5978557052761259 0.5428149065887758 0.5446626016515941 0.7301099865828158 0.8181888216377353 0.851699059732863 0.6845127095082196 0.5624900701837826 0.501993731120068
0.44973390877314556 0.44502619708881525 0.8427477447737574 0.6801476336788488 0.7835121837722119 0.8736698918372341 1.0141697213263063 0.7637833226100905 0.5078413380553994 0.5079752625586292 0.7647839664062475 0.8874641043751729 0.7779128566516231 1.3222673184324683 1.9373809855481914 1.1456222315279905 1.088759805157931 0.4840031529917177 0.44818277976898796 0.43951117968455555 1.3443075899908088 2.35869281859568 2.094828713353357 1.115835888793125 1.008915111169132 1.0476699552393336 0.8162987491594752 1.1000106778570178 0.9797174636733204 0.6164597719875704 0.6772791527633395 0.4229281198336445 0.6229395469110459 0.6250163988597319 0.6939858526670868 1.281019852767574 0.939537852630117 0.8911493974808117 0.7148465781307451 0.6424614822942065 0.5119678669491771 0.6330491017406679 0.9914767015098654 0.8975867563101894 0.7386801154026469 0.6835786173521251 0.659253157806631
0.42697287566013087 0.38403887289454497 0.4524131346653826 0.5439680161664466 0.681583042954501 0.7741611379657808 0.6846776541518163 0.5156201412420205 0.4665190110624447 0.46338884714608414 0.569546469323375 0.6278421565521328 0.5907103187087439 1.369326723150544 1.992827415862645 1.6560682500376753 1.5208726610198913 0.5106747609757551 0.3633989948234658 0.4196470378304929 0.4534479501290366 0.6423787959542782 0.6645762043951351 0.45796763537753093 0.676099184139779 1.0418153993901667 0.9564598743239477 0.8838168346097999 0.8240901621594113 0.6265297162465475 0.6793813636323243 0.7833981098682121 0.6973265204717886 0.7146242803257439 0.8841474905362853 2.9651653804650824 2.2503186681522633 0.7876037906695772 0.7025224176745168 0.6268286915732701 0.6137182124537449 0.5799664112375436 0.9074135708789763 0.9391847621060658 0.7684375946026564 0.7602715520616173 0.8644717403417718
0.5501962675585007 0.44460817952378995 0.3996521277870908 0.49952589304031203 0.6243315833312377 0.6892197213173342 0.8825195322608309 0.667341004643085 0.5291230187414371 0.45979291044039255 0.483965596630355 0.5275384399207624 1.105526726875066 1.7437737086464942 1.9244345720355875 1.7038294701127745 1.240548092361806 0.5601259310804643 0.49999688305078027 0.5466289547435803 0.6269861830243574 0.7269092251689022 0.6507031757398819 0.6328395266874045 1.5611138695171947 1.926830084767582 1.1764138123527503 0.8343299955180317 1.569524826032847 1.5949307976102565 0.5964665267099165 0.7347027842091856 0.8235050468656375 0.8213830857726918 0.7907067156241165 2.705709163029298 4.820233402856888 3.1293580618633468 0.9418580704590904 0.5553309828249023 0.6781128242709518 0.611900225279496 0.7665870052110483 0.8298611120033877 0.95007656164805 0.7414603503977908 0.5157541199347753
0.5684679503919112 0.49968929706690896 0.4885631755383171 0.4774370540097251 0.5445414088600581 0.6248154652952316 0.6763777417914437 0.6326409931345928 0.4916276000577479 0.4625543478133663 0.518034926720615 0.5890061227414538 1.429228231027587 1.9233861628637783 1.5483084692068172 1.5204924117225949 1.2382900636853542 0.6416896279314821 0.5641488081634765 0.573241849846297 0.7253194644896482 0.8164980683749774 0.8496625147826942 0.3788648331776507 2.2410828696813994 2.7756247825030527 1.5471852078566513 0.8741900956103043 1.5922833462681814 1.7918745903204116 0.667901931084858 0.6990385347727068 0.9983672581759555 1.1736856212380766 1.2671142741127914 2.6715648511805803 5.431754882875245 4.0153739609017745 2.5989930389283056 1.1826121169548367 0.5730763933481051 0.5465736317545041 0.5511398815085353 0.886030402282687 1.1317155286934435 0.8912597285798542 0.8906621051742052
0.6238349614764861 0.5801770511897324 0.5660496574872858 0.5519222637848391 0.6080685685547289 0.6166187235001427 0.5629682950792876 0.5039816164795976 0.45227449897022054 0.4750049809114538 0.5614033714446414 0.6931400178021857 1.8401553575587886 1.6520776181852308 1.2558206092237718 1.0857810724137313 0.7281567699953524 0.5746191155014285 0.6427250308210303 0.5338760312247699 0.5607941368474393 0.7089232281798392 0.7425936526763395 0.5588547555984302 1.9109972875756123 2.672710985095817 1.3856111146409233 1.0726612014516457 1.3743674022086676 1.0619230469808612 0.4913445930041604 0.9260513259907968 1.2024546417609998 1.1232928397001822 1.1336902552662256 2.4118365799896035 5.2068408836449755 4.626895440920131 3.2105145189466615 1.381964908964621 0.5195072623196504 0.5106604408788712 0.5344442604253425 0.8249594321890912 1.1020456169897985 0.9505924157772709 0.8562476097736043
0.7319843885995677 0.6175953435449086 0.652537543282355 0.6886909885503038 0.5805137101801234 0.5409701741133169 0.5000981687585562 0.46627405949694944 0.44682473508624093 0.49642043628253174 0.588326195437251 0.8391011584240473 1.8672917707428067 1.4292292555386752 0.9911667403345437 0.6158746401677496 0.5725175653976613 0.5928246641616826 0.6580162633032488 0.78656981357835 0.7119654201621693 0.6856356273397003 0.6592540623839032 0.6286354006736312 1.6208680226526033 0.8409521761504666 1.0731891807070817 1.208697537859003 1.4439791627828513 0.9715216075218455 0.7725762861648628 1.0332989003131627 0.9487280605493682 0.8294851259817085 1.4141935662293443 3.144407010491224 4.947112612453998 5.238416920938486 3.4363431778002584 1.5763831491451872 0.48992302365007984 0.535820830498469 0.5772674160463678 0.6028032060796559 0.7478806909004694 0.8325880294387552 0.7173145465905189
0.992430456891048 1.2842491585723306 1.3204026038402794 0.766026378909367 0.5697963658867652 0.5086194822143726 0.46645864942652504 0.47621166276353855 0.47880350887822587 0.5362978290687864 0.8175420991301783 1.1312084327673548 1.6234880626324038 1.9335313616296124 1.9092702455264237 1.7050703048821338 1.183880885330741 0.5695103736144876 0.5890097830403804 0.7594202978999605 0.9205458161868914 0.8933145977204524 0.8660833792540134 0.8388521607875742 0.7194284575009642 0.9406070043675361 1.3363862482181477 1.4718946053700692 1.6063452384178893 1.1172673814043887 0.8078768280084655 1.0878017428658793 1.1631690637704784 0.976009359873824 1.0733559014458178 3.0751981703840534 5.0320412951974545 5.317132168653787 3.429350851591135 1.5171206778290287 0.44162212348508356 0.5856455534992948 0.5666448338859978 0.6165053237978395 0.6821257060870841 0.745277379666125 0.6688528573432312
1.4579290427537555 1.8905973389675454 1.484148127797222 0.8615428268206446 0.517140795670189 0.4666432393561007 0.47639625269311414 0.4861492660301276 0.5124102418005303 0.720827358015781 1.0562449156319096 1.3916624732480383 1.7270800308641667 2.3155219254597217 2.924386740686294 2.55414972953361 1.5458746059959045 0.8419999820631727 0.4696606219029588 0.5148596194052262 0.7032748042942103 0.9964619246139097 0.9692307061474706 0.9419994876810316 0.6653864638246181 1.4582086039132822 1.5995833157292136 1.67143425837268 1.7407912692926772 0.9760708094051143 0.9572181650291571 1.4392279999497761 1.2635874204932336 0.8287405141348492 0.7167121657074659 2.238304969497803 3.5554422626454376 3.766116717915653 3.181794847156709 1.3145624824378253 0.5781429058778367 0.5453634531650797 0.5544899969397907 0.6544407822069086 0.6980561205619489 0.7282181307715498 0.6630460949098866
