PyTrx/Examples/results/test_velocity1/asciifiles/KR1_140705_160000.JPG_interpmap.txt
ncols 200
nrows 295
xllcorner 447300.0
yllcorner 8755750.0
cellsize 10.0
NODATA_value -999.999
[rows 126 to 146 of 295, columns 47 to 93 of 200]
0.6363846913670633 0.8316622193529656 0.5714767467924604 0.4959086878598288 0.5457537753967517 0.731002762819946 0.5540659504500165 0.6902719572897451 0.9119065901536814 0.5987896034581821 0.6219487923555719 0.6422304974056916 0.5121195824169251 0.8371501896273661 1.0528382647542873 1.0335320156725014 1.0207185183070993 0.7225133358462827 0.5254399242978056 0.5262107450810958 0.808881265874742 0.6288497440682044 0.5599832270613259 0.543203518986616 0.5440816254976464 0.6026914823594439 0.7938009131198077 0.9081713032043439 0.7252552484530915 0.671481057457066 0.6068965075210089 0.7341973409865745 0.8091660616271915 1.0518709350996898 1.0884107548642752 1.1312790543673343 0.9813188759460514 0.8325201623648066 0.718692726964226 0.6016148810973924 0.4182147638580488 0.5081108245523578 0.6116376974239108 0.7151645702954642 0.8490653929814502 0.6435807471743231 0.5917618993479989
0.48396971624597723 0.4900171314941195 0.6235063600429886 0.5052214651260883 0.7716251814033905 0.743274163129178 0.5634875017499045 0.4078509914427018 0.3845446148176763 0.540182307191374 0.5351329597312997 0.5423375317194985 0.530662729363083 0.520201493359798 0.9189547322633366 1.2234360001234876 1.3218055180744663 1.0155387086592436 0.5113693535818113 0.5507906944302783 0.6297520958284801 0.5989848752725159 0.6482276632826223 0.7144213106557626 0.4934694234485539 0.5281598141763172 0.596676702106524 0.7143700594861778 0.7724209495177827 1.1550017821270628 0.6048177839797761 0.5735759132761038 0.8958745603927467 0.7643803762858175 0.8835707900897667 0.9504353015328756 0.797501933422244 0.649932717611404 0.5099855349866163 0.4175106292400733 0.5166233509526844 0.7530259803403527 0.800907465611143 0.7654712165593605 0.8414256623710555 0.67409088119579 0.6333423700883775
0.49590901165500684 0.6619301275740491 0.6581940440845994 0.5360971079137339 0.94687812138306 0.9004849529321314 0.5557407404738473 0.5687251651468372 0.4245877036404301 0.5145540639192456 0.4966773764356188 0.5190423626467295 0.4667380463928167 0.4835153104241822 0.9744799637095386 1.3052137861991686 1.4647516178928985 0.9410739972549611 0.5038396249782529 0.6128418721595972 0.6322183022437193 0.6063844843506705 0.6158776243470221 0.6222490281361802 0.4895624330215149 0.5346672267709727 0.5616134869455535 0.5382654373280503 1.0609830980971315 1.2702015999467278 0.8252439914241527 0.4427703668639471 0.728911315789087 0.7472354830706073 0.89203259015039 0.7695915486984168 0.6136849908984365 0.46734527285800176 0.374809831678631 0.4639548873106535 0.5587069236125836 0.825999914193702 0.7761696349407313 0.7263393556877609 0.8619657294263288 0.7889137388936548 0.6738584539828059
0.6165378420796517 0.6457093933013303 0.5096744699058123 0.5146882489428457 1.026206282980095 1.045773585745462 0.7199284348159175 1.026614355641599 0.4504850476091341 0.5059545909803455 0.5697280192721003 0.8407279775155975 0.5874624902385621 0.5676017083811089 0.9180466330982664 1.2670049470300295 1.3628991437692113 0.9225435548530997 0.8259316677330132 0.5456991532285942 0.5441740278445374 0.5847293426810254 0.5883767905671949 0.5066701598826076 0.48981758261485014 0.6163323266764051 0.8055696181255312 0.6644695019991507 0.594232335162769 0.708792038412261 0.5093886341453052 0.38444493866131435 0.52729180124667 0.6183873109176099 0.7770269639420702 0.6103256156841095 0.5051499721997766 0.47146807954817077 0.5020454013005594 0.5230533059854888 0.4836684428093483 0.5205952516282426 0.3958741488109842 0.4504460250613027 0.8805474482881267 0.8647443434508515 0.5734329593383988
0.7433873772632613 0.5710595082454258 0.4975302793071313 0.4405624499615255 0.46956963555410514 0.67582417851404 0.8815730191440648 0.881852578201965 0.7477105713907239 0.6794250917815672 0.5072643503422534 0.7786966761189537 1.181470624874999 0.5956170147927158 0.8610912127817273 1.2100495267134905 1.254469352925005 1.0660397383397187 0.9457403520084565 0.4557211190332666 0.53337338529501 0.5895790506555568 0.6374291050834816 0.5885284879949936 0.5083623443377541 0.6755215475151495 0.8640722174209542 1.0253298348726836 0.8218006239594906 0.6182714130462975 0.5211814680626483 0.4064066184229199 0.47866035455006406 0.5858959343874791 0.7142250120607494 0.9175878333241073 0.9748750778905119 0.48380435858249077 0.503508552778771 0.5031984846974047 0.6203776362153219 0.5401173729236554 1.0541434218393924 0.6466680559810272 0.7398745918329626 1.0347083320613946 0.9271189136924667
0.6619746500359363 0.570699824126527 0.4791996364071054 0.4707537708519536 0.46578567380715974 0.5523788353686547 1.016211254714341 1.1252410351366828 0.7551715897484716 0.5226954811629964 0.5341551619932592 0.6811307260359296 0.9743945015069745 0.6680921547201503 0.8007167153274448 0.6793828430123858 1.0051223505698144 0.7457776799503081 0.6237487671489269 0.6462128712458113 0.7142358015731207 0.7228302670326454 0.6961161710836713 0.5664212947271072 0.5336709278477755 0.610351400966737 0.7989020708725418 0.9079653575005746 0.7331596652074505 0.5500337798385446 0.4668696774003885 0.38370557496223234 0.5509875520487715 0.7802125409244162 0.9369123809763346 1.1507889619110254 0.9391203105072454 0.5488534484420533 0.4836537314906868 0.4833436634093204 0.7859805605885122 0.5771062162238978 0.5677312237916755 0.6221318452279896 0.763249430852081 2.0001148940765887 1.9087470796704604
0.5193589087151235 0.483467541589926 0.4755790730926434 0.5057716877921693 0.49846111862012854 0.5671759746890922 1.1813913421983306 1.5622857773336583 1.0986268009424922 0.5008916610339778 0.5862977110697278 0.5746144169869659 0.5782555383579232 0.7814950010289473 0.8461860105390522 0.744081218455391 0.61221643986401 0.4715594415648876 0.4891452993179183 0.5708616117063342 0.6024663458813482 0.5821119894436733 0.7343097223057595 0.6953794637217424 0.6416933821665071 0.8880154765654905 0.7460777606972012 0.7904302558612095 0.6445187064554101 0.4957219891762848 0.4187926966788342 0.39058682191781546 0.4521083283766756 0.7393019951423887 1.0264956619081018 0.9940891319015964 0.676194338162597 1.0173015409932926 0.9203599338343742 0.4634888421212362 0.8654072278733859 0.7639358517987644 0.647659249654174 0.6708938137911074 0.7324765705909543 1.3537929703626599 1.4229296567404548
0.583032447590127 0.4390800738113699 0.6559446262603507 0.4456357672715186 0.39356346505530043 1.2092834212747094 1.622912749315725 1.966094480076677 1.2350138262506039 0.5287070181537313 0.599434393492044 0.6868868259473074 0.7243089450984335 0.6947915619017746 0.5558803701497523 0.5022752204371586 0.5051333955630866 0.5315137389720714 0.4744592166791216 0.48335179196596095 0.5197232157758487 0.5960875253486978 0.6974941774616163 0.6305290145516129 0.7499428268457085 0.8488492035917371 0.6651940030225083 0.6757099995932891 0.55587774770337 0.4583906056073582 0.43018473084633946 0.404893924153174 0.3941301773679802 0.4583152743453591 0.6238705524128805 0.670723344794397 0.532023357937626 0.6262933984018624 0.7768562459815254 0.5728742988971629 0.9600394021416956 0.8910195207484308 0.6920809706381837 0.4977078189702925 0.6409397687908566 0.6699409866409017 0.6921310415032911
0.49324753090642937 0.6500521506934253 0.8126219728072775 0.46152879938332425 0.3554229207192418 0.9206439826404451 0.9049987389756289 1.06778010074316 1.0702657358112564 0.5162222692002145 0.7191723203208399 0.7881108602108723 0.7844323143057053 0.7303189742943268 0.5435772060844977 0.5400663302403768 0.5697983275094346 0.5995303247784926 0.582241705063364 0.5168420555010648 0.8293757473752814 0.9862214554133484 1.0548989224241576 0.8811451403518932 0.6986604643647656 0.4641171461915303 0.691392608998648 0.5916697342801975 0.519437552729684 0.6786548887220677 0.6572324627909589 0.6338720113884215 0.4644714287732779 0.500148816085206 0.5588859325983202 0.5762159597007648 0.5131320929024462 0.6658554920503535 0.5743571332146491 0.5598447922691673 1.054671576410005 0.9873258518977999 0.8627493510589065 0.5130889964153351 0.5718945087662387 0.7074798177868808 0.4712641892469607
0.472842939021863 0.5998348939610925 0.6330125294580241 0.47232619344967053 0.3657862972345915 0.43079984337976884 0.5530618318526076 1.0743063499695935 1.2690964133513103 0.5932297250727275 0.6529217643823197 0.5746888323542563 0.7777596253519695 0.8187575977544613 0.5506005936124203 0.47581793352083573 0.5819760047718021 0.6641952567248405 0.6627980256008088 0.5993928622142449 0.8423826126997767 1.2159339405576601 1.4450328524888085 1.2222200046481402 0.8970508679753438 0.5080318283474278 0.5562742802661068 0.6109622027865893 0.5912951691226118 0.8363359665397303 0.8679245169821734 0.6274625919972063 0.5589945493112507 0.4994266376163746 0.5495747340522406 0.5321611354341552 0.5079344909215955 0.5183504884730211 0.49957841899043703 0.48719222081722674 0.8342946193338797 0.8991768764788703 0.9640591336238609 1.0290976399438705 0.9045878316165463 0.688173172857847 0.4392801465507412
0.5043121946616974 0.6564537748527817 0.5873719571151779 0.4831197409918291 0.3817784775156729 0.5395924027803221 0.6003359055312333 0.5131990771297601 1.303012586143049 1.2451038757577022 0.7082862820506852 0.42643853853243047 0.46981663948812064 0.5377700458432504 0.5405485485916294 0.4823914117371178 0.4781585331628614 0.6069299582938679 0.7004871488872727 0.6744260146394174 0.7474142228966727 1.1436696878185806 1.5399251527404885 1.366850507772436 0.6561665713841863 0.6909691758258628 0.6144008434420186 0.6848896061520398 0.633563405281128 0.7082217439028315 0.775905460357073 0.7219857125351791 0.6535176698492234 0.5850496271632678 0.5455164271075088 0.5360084918292598 0.5040434373314298 0.4927713161065126 0.7065835690923586 0.4541483950727502 0.5435756268084668 0.7920271195410321 1.057805279794075 1.1603343238382493 1.167407526077843 1.0074250829732234 0.5590408796701958
0.5505155807731049 1.0184953900590288 0.6689139049903764 0.5198351933341054 0.4127538109981794 0.6417920867613267 1.0245131956246905 0.43938055637530204 0.5939025391331931 0.825310425464029 0.737928371364224 0.5357802569955699 0.45269478066736246 0.444947618690907 0.4689677307548855 0.4449736346589711 0.5635957910179779 0.5872748876662804 0.6376887177294154 0.6464522775306427 0.6651311689914674 0.7971429473083526 1.0134000572574382 0.7160220998826456 0.6229830338966351 0.7723910921804634 0.7161734660464179 0.7704429065914875 0.6596928155704616 0.758187987006979 0.7844176173966662 0.6925694510803749 0.6058409603853068 0.5624803424259901 0.6103167786114869 0.5497006088096204 0.44937522017801124 0.5316383127473079 0.6962697711147947 0.4133616754658584 0.6491374259785254 0.9149155862315683 1.180693746484611 1.2564522861258847 1.2635254883654783 1.253857093798811 0.8776996102601548
0.5638848934294076 0.6423566618485339 0.554576449084847 0.5359591262720547 0.4410266297459422 0.5752165136893731 1.1623362591967221 0.5107657621738076 0.6717316368982211 1.04922110869676 0.6991170456238716 0.4962997194754336 0.5614332824506914 0.5389595485875657 1.450720999103474 0.5990155927021776 0.4647077798399153 0.4116824401654881 0.537217630981672 0.5683464209432058 0.6201589492994244 0.7272069010944145 0.8438593108481849 0.7497232366860577 0.5465770621215822 0.6105713981663027 0.9619583981524747 0.6278033908712566 0.7482255087385097 0.8191158933552009 0.7755573019309496 0.7070473348890427 0.58119613213687 0.48432012249511947 0.7123621300871205 0.9141254248677586 0.4311582333918176 0.7515516640662144 0.5919024077488134 0.45669971466615616 0.7052152192083951 1.0310447941882672 1.303582213175147 1.3525702484135196 1.3892102125625532 1.4268104823441836 0.8736742527334573
0.6953792054823986 1.1177390380871637 0.6046636737419252 0.5012627248672756 0.44690031389158097 0.6996124097068034 1.0486704394625976 0.7619162929330963 0.8778050544145151 1.2731317919294907 1.0684158674617517 0.5469478523050335 0.8027843935938908 0.9513058841391315 0.8370435040610239 0.7118914161879168 0.6398464132420946 0.5849953252830876 0.544375704043963 0.5348507731290275 0.6235946405853612 0.7288880714864436 0.8035929171105223 0.7078859139512232 0.6121789107919244 0.7022329781166091 0.9335807458193968 0.6241151108676617 0.6034532296869026 0.7034732065774818 0.7666969864652332 0.7057897653283878 0.7378311993372789 1.1740101091794846 1.0351383084211294 0.6166986696321594 0.7231214615795301 0.7009552014839018 0.6352404469491111 0.5000377538664539 0.7541031190485847 1.0799326940284568 1.3539204010064345 1.2735949877110877 1.2156022890011275 1.1576095902911674 0.9485625679538819
0.8723649188486857 0.6017924101171175 0.5862852923508748 0.5424437523130552 0.427517510400761 0.4685505880878299 0.9178420540401172 0.6816508133369005 0.8752361458254574 1.3776603898818802 0.8538260527632974 0.5927446716107846 1.0444019067613162 1.2226901661176175 1.3055704667919066 0.9851759250901176 0.8261690690179555 1.1258653188383858 0.599736034006033 0.6101251440691717 1.188463574910878 0.7393162583191555 0.7617555943756877 0.6938614224024866 0.8439228248596407 0.8147211314517094 0.7002624286621978 0.49227019040615483 0.3946281405732245 0.6524329597351117 0.8172700220126663 0.7814668586403344 0.8993170627332036 1.1564469442450631 1.740227475665311 1.1123573281551278 1.2478884121084417 0.684413858644401 0.6099136869364769 0.5556201612956858 0.5885174971614451 0.6506861182809369 1.2817590486876935 1.3307225187917244 1.088416462158208 0.9161911349493795 1.245602121472865
0.7960390744921353 0.540438524259358 0.6473490537198194 0.5767068253181667 0.552794004794116 0.6141191488812769 0.7232014523945736 0.6131845646208867 0.624336397966795 0.9245358546941056 1.6023315636234372 0.8978127392952581 0.916242947250644 1.1834973579191312 1.492728095703385 1.4259837387062018 1.301688057172623 1.0065484280080417 0.57781215804473 0.6406767278856832 0.9815088867236403 1.186378690154994 0.7361826217073446 0.6855057962140078 0.6816114107225291 0.629465417080716 0.62333858243407 0.4627520857281889 0.42836975209214556 0.8179979065637555 0.8590063963662057 0.8106342549718633 0.8202641343105612 0.9509666487143086 1.4578862486067161 2.1386914800930876 1.4477351448164018 0.7567788095397159 0.5690068092291098 0.6936421458949376 0.7202547908988902 0.7983253772498342 1.2058454541228227 1.4300837565521047 1.1970236047896805 0.8513714228287829 1.169567720678062
1.0909948826039306 0.8369197851549002 0.6788112414645727 0.5599493671394784 0.4831808609671168 0.6892875282364279 0.8185863633331271 0.7122466020987719 0.8069980976686459 1.3324687433817184 2.1302742578648486 1.6368738113119568 1.0166765435693756 1.3959742503682344 1.762053902519367 1.064460117087555 0.9372096997801793 0.8683621563276451 0.6735238384604137 0.6674381401064944 0.8234900373695193 0.993562826417252 0.7523224234410487 0.5261030203153391 0.6876545670935823 0.5368181492306963 0.5412397985985102 0.5215444893711051 0.662097352628116 0.8896830028581229 0.8314601803441797 0.8113937164135983 0.8040308243106893 0.9347333387144366 1.078761806273954 2.1152400472111736 1.4357177140877653 0.7561953809643569 0.8509651628113254 1.0190447420375506 0.8067876185229004 0.9273760651719378 1.0935011362220743 0.6843063383181898 1.2199187443724187 0.8132931842906065 1.2271663998700422
2.260371968497488 1.6915764989385302 0.9355046777780112 0.836669367956099 0.8353225916314095 0.7793034912044913 0.5746828210379962 0.744688818969063 0.5469454037186521 1.1984312764636609 2.267320425528072 2.765490818028568 2.753696495017924 2.53264475234591 1.8362164998753743 1.0085910574472376 0.6839786703043211 0.6185190935459216 0.6291721866726294 0.6488554095217252 0.6410629329373175 0.6805513273472055 0.6847850487164939 0.6828748306673624 0.7232419648206234 0.5906827444332551 0.598835657625922 0.4932694960764239 0.7538180699258326 0.8172956284450604 0.8227034724855029 0.8152615878416344 0.8078197031977657 0.9185000287145648 1.0909441290091784 1.4350311308830839 1.3937212315712564 0.8496936292372468 0.7925650241863293 1.3211316140571334 1.090629061640791 1.0146743522636599 0.8395463350292602 0.6532437305534848 0.6498098699512052 0.7678347419308492 0.9379786612475802
1.845221258757494 1.9943356147259614 1.5070940628274672 1.0798746378575244 0.9518854647640753 0.7190828383815936 0.6025712757447184 0.6749249821879612 0.6086549488972886 0.7800745895895329 1.4141214572404972 2.262598256492717 2.301730050958751 2.836122082303728 0.8345057653900152 0.6533178903927797 0.5938221768426044 0.6785736610618494 0.6825429159424927 0.624515397237222 0.5685761758679012 0.6670782319111977 0.6396731442069743 0.6260767688711368 0.6462997065130955 0.6315773083201867 0.5923493341083712 0.5537801677877621 0.5792340051965627 0.797171501697615 1.067202428893351 0.9445548622750402 0.8219072956567292 0.9294066706098374 1.1031264517444033 1.276846232878969 1.3517247490547473 0.9446502646563311 0.638306127787271 0.5518108033477868 0.8027453262573249 0.8506276618002645 0.7479420214110079 0.7072851785365711 0.6837447195684929 0.606683244286482 0.6592188450988249
1.2285857654386239 1.655966069556595 1.4792995031066198 1.5747640308538577 0.8662643642100631 0.6552075670628053 0.6589447117657299 0.6900458620559768 0.5677771349242489 0.6148128051088102 0.9681464538418469 1.409399288205142 1.849763606899577 2.9767022695923657 0.9900778389048128 0.5724738556856753 0.5255963631817726 0.6630523331734803 0.6845252080585579 0.5953576194961107 0.6303663521126481 0.7937051287401901 0.7260277372219286 0.5825091153514091 0.6159660197866867 0.729056421880153 0.7217082822907215 0.6383324183748591 0.5655845416505262 0.6403942143239687 1.184343827165292 1.0414093166993243 0.7464065307282457 0.8989780798116398 1.0791646163376936 1.245601818795744 1.2237314932623993 0.8305080012705743 0.7296943558594484 0.7426965903273346 0.7305520095963742 0.7184074288654136 0.7167736561255099 0.654925763079802 0.5231557092329298 0.49971997086912157 0.6902992542417639
0.8347590478449864 1.2552860046308028 1.8273527773300797 2.6258371876858346 1.0615295110738387 0.5229669567535228 0.5827029445643511 0.6449737886411188 0.5716813333676534 0.5712282201550505 0.8996050715134322 1.2196343847993447 1.6722758328867258 1.793934654589684 1.3481594721542098 0.5612606299566213 0.4712775002309441 0.6072210906108695 0.6749494006373082 0.7348676872722203 0.9645509168738969 1.387673408583805 1.9004584220937082 1.0298644561564145 0.5488639664967203 0.6658233776505836 0.8929714337627199 0.7589530903030066 0.5930221450004197 0.5536846016083733 1.3275554209796834 0.9565867727106453 0.6081785658964688 0.7038191496045703 0.960410593675244 0.9101817902033928 1.360134479655412 1.0283512501264698 1.0574690894812764 1.0256746774467216 1.071008486978788 0.9548819991206176 0.6851512155389999 0.7177561847543049 0.7190380489701094 0.5856712444578389 0.6340456317979337
