PyTrx/Examples/results/test_velocity1/asciifiles/KR1_140705_160000.JPG_interpmap.txt
ncols 200
nrows 295
xllcorner 447300.0
yllcorner 8755750.0
cellsize 10.0
NODATA_value -999.999
[rows 189 to 209 of 295, columns 47 to 93 of 200]
1.3778211378498626 1.3415764827240704 0.821388689656554 0.8590798578700232 0.9722887658253321 1.0043628178626296 1.0611701332834935 1.0030440803358283 0.9449180273881634 1.3941922678670324 1.3200020124005958 1.4926944836481584 1.609032784176 1.5737153880780335 1.6073150461627568 1.7035461508109506 1.7997772554591442 1.8960083601073379 1.5709574206558914 1.0356063891552183 0.8724168288327819 2.184611708901432 3.20877878154252 2.88980716370347 1.5343666276863508 1.28868170473456 0.9305513921148714 0.70791397141285 0.9422342015856832 1.6507169797063872 1.5209660774385083 1.0814180412499024 0.6418700050612963 0.7932762368913353 1.0510160518208607 1.0713099085610527 0.818692900164169 0.585077189466393 0.6866168154226024 0.9206920905698441 0.9957237663986159 0.9253059691313672 0.8691190159777549 0.8636953801594194 0.8582717443410841 0.880275798119119 0.9377317594097274
0.5562832810016927 0.5754019001948443 0.5761765624283767 0.6988280182936971 1.0731508155831113 1.1193049217606408 0.7837919710203187 0.7047811318834967 0.6257702927466745 0.5467594536098523 0.9268706626109217 1.367754124760675 1.3636089401841895 1.1737748502389245 1.0970044150268827 1.1932355196750764 1.3500483989128778 1.3352047435660066 1.0514644638502944 0.8572095195333341 0.8511307842138119 2.321569418449169 2.438867041793277 2.507619485282788 1.8619078264648135 1.2233663400005224 0.8293810442131507 0.637543258832924 0.9453588030398429 1.9455041305055965 1.6277916533065384 1.188243617117933 0.7486955809293268 0.5993442506680264 0.8670522522688789 1.0684825933841684 0.9315931028564444 0.6824474991349495 0.6193816287132762 0.7727659121888879 0.843365521401737 0.7308142025001545 0.6263852703328748 0.6243676027187646 0.9210816155450139 1.2393080239795178 1.3825435337628666
0.6971145127305345 0.6318730604556935 0.5594161719341582 0.5070310420968374 0.9250983286725216 1.0241641497804206 0.5355965050468678 0.5161736356747424 0.5223072131635704 0.5319260876000039 0.6028942172604342 1.1399644567299116 1.0505020553393094 0.7770687651152253 0.5842156178611289 0.8905032710819661 1.0416398329001026 0.8015176633070864 0.5613954937140702 0.415487393380734 0.6526609399247031 0.9572895789970048 1.2770171564354438 1.5967447338738827 1.4003960731187783 0.9642462938768398 0.7143072876173064 0.5821989296859241 0.9269914379250135 1.4197758847561783 1.1168449496093777 0.8139140144625772 0.5109830793157768 0.46053944149509474 0.7313247486761217 0.8950510723734135 0.9908948938442912 0.8909795719183307 0.7157386328434889 0.5819395287194673 0.682362220029818 0.664059811734088 0.5985324437469247 0.6803582337298638 0.9344203171340635 1.508213337520854 1.7018172997252012
1.2339033952007719 1.2516267248730708 1.075218735951177 0.8395887259144914 0.9882358551752962 1.0217088206547005 0.6669165371370324 0.5913840609592501 0.597517638448078 0.6423331909903824 0.695386527962707 1.010807007301218 0.9548283068143173 0.8378268381908066 0.5862766756547745 0.8628940126769925 1.097723199017034 1.1504906726138586 1.2032581462106833 0.5491419428816805 0.5780562287870807 0.829308362252193 1.0635836039854922 1.2305917779422715 1.1244593481928393 0.8015966284510119 0.6499654304979215 0.479822632038716 0.6373788481300775 0.8940476390067602 0.5911167038599596 0.5342714465348861 0.5098266090988276 0.49710995688533643 0.5955972450833645 0.7216195513626587 0.8140212814722058 0.9080562043465183 0.966317674681065 0.8417611169885622 0.7172045592960592 0.591958527870748 0.9193228131416786 1.2870563179098362 1.2730261928635818 2.2775359603732652 2.4272642765878056
2.0322296537414895 1.8831920007964806 1.657912700427974 1.5924547140474992 1.2173610668411043 0.9667830434977578 0.8627661277156816 0.6665944862437577 0.6996869574084366 0.7527402943807611 0.8057936313530856 0.8825300964716746 0.8015376097268567 0.7751006690634161 0.7126628329654472 1.1571865380263273 1.8429264699855366 1.895693943582361 1.2961087490190604 0.682796492382627 0.661697624311313 0.6954864622991075 0.8033335090030842 0.960908943399413 0.9226583256009222 0.7459168307263258 0.5126044523783287 0.5162051657204726 0.6753181333664545 0.6296956106848037 0.5940202981990274 0.5702271386575726 0.5464339791161178 0.5320036369105752 0.665405204450447 0.5760171966656513 0.6208008114972101 0.7236407131202911 1.1655775351840427 1.0410209774915398 0.9017284745318572 1.2799430776839382 2.405253815562176 1.6580270718553873 1.354660368499099 2.559984032490593 2.556797764849168
2.2108917397555805 2.4762366749414557 2.1283164924901428 1.7532228452837477 1.3781291980773527 1.0924493992598174 0.8232825474828112 0.7570407238264906 0.815947937950406 0.9508211884907014 1.0856944390309968 0.8472396290592266 0.7925683512870008 0.7695591849388368 0.6909996920202697 1.26826845737583 2.4119685767478973 2.21047508753139 1.2760976990902457 0.8038935205563094 0.742028047199361 0.7923791216033107 0.8865695288924006 0.9593856197165413 0.8365973361998252 0.7222948483031558 0.6422720799793689 0.6494587768617677 0.6174278835482924 0.6935591496860947 0.6509371700735173 0.602114008223319 0.5777287560126354 0.7857213440789149 0.6527251138866921 0.7536354026084071 0.8251930682671241 0.7928886214705606 1.166388246039657 1.2069842434016034 1.013901414907304 1.7343280838094448 1.926341712963396 1.6258819933081101 1.332259891428562 1.9976246268004654 2.2235450532694636
2.361606157384969 2.430841185314375 2.2890846237263918 1.9139909765199965 1.5401596057407845 1.2564871975115002 0.9262392481438986 1.1089764547801613 1.2438497053204565 1.3787229558607519 1.1987953950778658 0.7785271085569958 0.7073303885034932 0.6385067898071518 0.5560504207445015 1.007306184532923 2.260861724084508 2.1557750912825306 1.2643309647919831 0.8224099820813212 0.7350088772661233 0.8253192047771043 0.8981352956012449 0.9082611363656566 1.5260882358072696 0.7535420863975081 0.6735193180737212 0.719684850635395 0.6753615017400807 0.7431776543951258 0.749951988776571 0.8229802587113375 0.6338465886450743 1.0413505231841134 0.7734882722585693 0.6323152052361323 0.7892872509988451 1.016878459788333 1.087799637727096 0.9410788881451496 1.0955658950557152 1.4185363810408078 1.4430006687077848 1.668138610143433 1.740261799483245 1.9567793600970727 1.9619174820724137
2.3035883548544756 2.22502381784253 2.146459280830584 2.067894743818638 1.7041974039924674 1.3644238944179001 0.8988885024997992 1.303666748905494 1.671751472690507 1.5503511610965048 1.1300828745756348 0.709814588054765 0.5998378900615425 0.6078288440752959 0.6158197980890494 1.2242527554550335 1.5604019557308542 1.7527026397506813 1.1614298934475729 0.774261093216137 0.6443826851260561 1.4025599885978723 0.9097010623100894 1.3864164744780851 2.33154847119546 1.3220280753878768 0.7356063630320895 0.6319809368350692 0.5710566855301283 0.8253381079802968 1.0360414611034887 0.8827224129013291 0.693588742835066 0.9281948713750832 0.8649684541604792 0.5109950078638572 0.8018429502638755 0.9475008693747845 0.8570911105302269 1.1234069346782334 1.0702450602197704 1.23803633802009 1.2225475146332903 1.8980409703844416 1.6562185794331024 1.5778147277072927 1.4411810261779225
2.0977709873826305 2.019206450370685 1.9258579523459216 1.8218253758634333 1.7404790787802447 1.8404329894466196 1.6240394030393728 1.528437098249213 1.951984898086631 1.5526644291378353 1.1667067486188463 0.7807490680998569 0.6679256485007523 0.6840691760106239 0.7002127035204954 0.7299490850851467 0.8599421873771997 1.0522428713970267 0.968326387488976 0.7466360391862654 0.5591665376515009 1.0551769051907716 2.300125839230446 2.5926133863598673 3.018488522867211 1.4932425349550926 0.7148076940320918 0.7158199025793701 0.691903383750214 0.6944481416505399 0.8578925268405508 0.8991627243293531 0.8660767962295939 0.9523871945577758 0.8769281326480405 0.5557345214792162 0.6377310782548573 0.9574248839415428 0.6544531518120976 0.7290772695313738 0.9085249654815419 1.426846008342483 1.2711100638543733 1.6867564060130884 0.7213249864137533 1.2177667018502525 0.9930159155828678
1.692721205061908 1.58868862857942 1.512844941284276 1.4400578189539597 1.3683583114015447 1.351057060443796 1.4698945115614679 1.7781033674849416 2.8933912919714566 2.0756088172558567 1.2953625320280582 0.905375642058154 0.7165029145013222 0.7326464420111938 0.7109695314622082 0.7160813034037556 0.7662121173385323 0.8444350659570796 0.8533176859484736 0.6952514532519528 0.5071414135999763 1.2363221516427525 2.2319013022952126 3.2645932683429955 3.0158438552392357 1.0835008616935948 0.7544850418248255 0.7587331054662706 0.7629811691077157 0.7546420890415267 0.7629682302830711 0.8317096775744588 0.9004511248658466 0.9678315814356678 0.8410367755617515 0.7658571382963015 0.6440540206250912 0.6060784832260142 0.6259671684325208 0.6850673316425739 0.8206666067039583 0.9259060766140299 1.0241615132481021 1.3267661315020247 0.7573962331979488 1.0598442555801155 0.8413938089749196
1.2867019342907635 1.2139148119604473 1.1411276896301308 1.0683405672998143 0.9962375440228446 0.9446086117134985 0.9805185825586442 1.732301458954781 1.4152111720901241 1.0981208852254674 0.9894819803539705 1.0751584419956954 0.7558072268164594 0.7329675175852366 0.710127808354014 0.7109821251144499 0.7565628970508251 1.0706656064139186 1.2842285186349045 1.1046742382309067 0.7900030957381599 1.1015071397691059 2.0618715148335007 2.477474563450046 2.893077612066592 1.316146081669287 0.9780700150704489 0.9813706591167928 0.9502968398333542 0.8695358740456502 0.879327304244722 0.8944191211220633 0.9295028496330879 0.9701783800003643 1.0729192162339514 0.9759797551133869 0.8541766374421766 0.7323735197709662 0.5979165172639825 0.6274732541510056 0.6829131209541293 0.6682895599988514 0.6325847546936278 0.7563072704940537 0.9107866038462872 0.8529418718247718 0.6897717023669713
1.9628124544361487 1.5632354949360419 1.1636585354359348 0.7640815759358277 0.6241167766441447 0.5724878443347985 0.5208589120254523 0.638979355880258 0.7953671733943402 0.9511253860252921 1.0877792543705493 1.2244331227158065 1.0659177187158146 0.8944211204935983 0.7229245222713818 0.7114847674122607 1.2425589630589138 1.8441368769432738 1.5373266123464413 1.1359086381132846 1.1037631894939355 0.8591497613240062 1.2747528099405518 1.6903558585570972 2.105958907173643 1.5487913016449788 1.2397162467770708 1.1377628875492733 1.0521798540042107 0.9761940693358353 1.0345484226861879 1.0991000584722268 1.08769696623232 0.9408347187300492 1.1601834978566632 2.889884313244672 3.6211405719719485 2.8121787931854825 0.6223359084755643 0.6773969859248643 0.7325816364216042 0.7238845353386807 0.6967811544362227 0.6720907624391997 0.6174734766440395 0.6267784177559431 0.6521543593302283
2.3504539498640162 2.5541651352867576 2.154588175786651 1.7550112162865439 0.9116179378955527 1.3543687618826439 1.6263959213056984 0.7576401839487922 0.906749663122759 1.0434035314680163 1.1800573998132735 1.6362585773582616 1.3546386342731433 1.2951729578729874 1.2164023743732821 1.0791631709828071 1.7297824384450167 2.231548891333101 1.1814154203138785 0.6380967261548922 0.9714438241414434 0.5977866132979247 0.8517019902673189 1.1056173672367131 1.3595327442061071 1.7344432508972396 1.3913678676880377 1.1244983162228117 1.1562190810308173 1.080233296362442 1.1206594970286496 1.195655177813272 1.0808835491111362 0.6250947412375227 1.8113827297653238 4.076965296670247 5.481058790191964 3.1838641905422356 0.6216479581246848 0.7074343468000472 0.7823817951480233 0.7450354409296255 0.682161098344421 0.6022371072006295 0.4614217861717409 0.6186384710211195 0.6289970829059736
2.4835415258940943 3.144537220246413 3.1455178161373665 2.4860360081259607 1.3114410796389215 1.3228590409348664 1.9341385508914155 1.5078222403397357 2.0178766698813893 2.5279310994230437 1.8435468515733948 1.135934457774846 1.2178951822060766 1.2543917594646246 1.1949260830644683 1.083223501584384 0.79207079063625 0.5203483411606348 0.5408235548071471 0.79066096145812 1.3919682918068466 0.6784505041086716 0.7886109955334953 1.0474478994336347 1.3062848033337742 1.441390002000082 1.2590892801891758 1.018289719315989 1.166823442401304 1.1842725233890483 1.2067705713711114 1.2100423346042013 1.1569435781980808 0.9246807012172794 1.3108064433911606 3.28250246169094 2.892862898243407 2.5032233347958726 0.811297070859571 0.6894716724311694 0.857380507397964 0.8203511851776686 0.6085378412338127 0.5839228971839289 0.5253814712303683 0.49134345243495053 0.6068136159986558
2.616629101924172 3.277624796276491 3.78011025674093 2.753694722168179 1.4930606500078234 0.7418654783650371 1.5390228009077065 2.601879855590348 2.690840652055537 1.980259569187543 1.2726471753889945 0.8861599273374019 1.0553354244089965 1.2136105610562613 1.1541448846561055 0.9322770805654896 0.6447092071950932 0.6687685567776953 0.6892437704242075 1.1198649652571808 1.5271363143076635 1.8994084538232932 0.848429398519188 1.0326603827299428 1.2914972866300822 1.2005310384926546 1.0182303166817481 0.9000018366871789 1.0053499490272573 1.214311909140228 1.2450946769996638 1.189316928978077 1.115415440754612 0.905737059025429 0.6232282620025628 0.694306569742383 0.6309394947438598 0.6601833381971816 0.6894271816505032 0.45379648553254615 1.0338226166026292 1.745635081048352 0.8520717581144923 0.7597441133003657 0.7537938054106925 0.5755092009969972 0.6494816317507525
2.3198965979805797 2.8825087259997266 2.8511481621600088 2.105358571126279 1.3595689800925497 0.5847075790882598 1.0362732860151893 1.9531913384229251 2.388285606495289 1.5613997150202155 0.7345138235451423 0.723600169540322 0.8927756666119169 1.0619511636835117 1.1133636862477425 0.8295463426530478 1.0520814935472753 0.667811515721069 0.9326640911638568 1.1069279563035712 1.8404165601619327 3.1134852374939745 2.6032801620965857 1.0184082929297045 1.1419727967961333 1.0307141609950663 0.981995250848832 0.8876316131703045 0.7129212197150127 1.013168938042429 1.0875622033200565 1.0040556272518233 0.930154139028358 0.773076473584817 0.6545808754405609 0.7328023223411468 0.7765925477975455 0.8203827732539444 0.845065566514685 0.7892772752827328 1.5544477030920127 1.4639945026333347 1.4177399486811462 1.2880440570168736 1.128167354633354 0.6916886796995829 0.7223040090791997
1.922578511690832 2.118033579997336 1.9155779868112552 1.1697883957775255 0.8623218542022765 0.8600709530426489 0.8213955945487532 1.304502821255503 2.0857305609350405 1.2588446694599673 0.6580223898026314 0.6257954239065486 0.7635375468692445 0.9012796698319403 1.0685669029580267 1.1519294889018397 1.4594537798994578 0.9299866514079709 0.8496074578550683 0.8462604498032222 1.3461926918900589 3.4044952745878465 4.685819851537254 2.8031484241542213 1.3702523058928406 1.041366824168529 0.9926479140222946 0.87526138965343 0.6646187270567715 0.8949032366189126 0.9222642446387923 0.8348756512733113 0.7474870579078303 0.6404158881442051 0.7286453200347056 0.8385193970929824 0.8239933856519287 0.7737351068813416 0.7234768281107544 0.9113120121366591 0.6539217295134148 1.105220713302251 1.6439020391488381 1.5655648744558004 1.3745375131851065 0.7455671357438098 0.7016919773393843
1.289409806824365 1.2837076763257098 1.0219639563537692 1.0193196076176068 1.0166752588814445 1.014030910145282 1.0199682341758485 1.0276484959357737 1.5727323564958162 0.9785404229630533 0.6650794054646573 0.5501524409788701 0.6878945639415659 0.8380909566780355 0.9854411607070888 1.0690878087487614 1.083483472564075 1.1622973068751712 0.8361604734419004 0.6756800449727259 0.8519688236181848 2.83475247091977 4.783275040991429 4.260518254948974 3.3459556552135217 2.4313930554780705 1.0488998844377586 0.8330797581674456 0.6122490282608586 0.7766375351953962 0.7569662859575279 0.6695776925920469 0.6268634026625427 0.5899636374866819 0.6485883111503749 0.8467141496111534 0.765118705322887 0.6835232610346205 0.6019278167463539 0.5433413697341095 0.6934731338699626 1.2434604484001972 1.7845046193762046 1.8206604685606467 1.1841093706901502 0.9872831092018055 1.3123376672153075
1.0447497283046911 0.9074402671206261 0.9832693849970208 1.1736730122967745 1.171028663560612 1.1683843148244497 1.172185253549123 1.1798655153090483 1.1875457770689732 1.0098489543625335 0.7364567650826238 0.5141087633246099 0.681227738089864 0.8483467128551182 0.9180676152643934 1.2758037360264833 1.1571921399103855 1.0385805437942879 0.8438739640798906 0.6042345826323223 0.7971307393488871 1.603141623989244 2.6903433398879026 1.7757807401524512 1.0054983186169786 1.0191221590633575 1.0327459995097363 0.9088458824531975 0.6716143219908657 0.7046407907929911 0.7391616787602027 0.6979115262446464 0.6593845490392698 0.628882628950455 0.6414741902047438 0.8926224610294217 0.8081406790584008 0.7236588970873801 0.6391771151163591 0.6227162659211897 0.8114603977310397 1.3614477122612745 1.8150904896143338 1.6301853810262208 1.0172141970818835 1.1983434019056074 1.3484824202072205
1.0535789929702255 0.7724878323006696 0.7539855077920522 0.9591170011742045 1.1642484945563565 1.3227377195036174 1.3244022729223976 1.2847626684664555 1.179125543843409 1.0090208827553435 0.7653191617285375 0.6725083291850797 0.6914834942669467 0.7841696435588035 0.8995324367578232 1.2787040638682812 1.3639080671881076 1.2452964710720096 0.8656409083549522 0.5096256984961384 0.7617635324670886 0.9707797775360816 1.027956703326101 1.0415805437724799 1.055204384218859 1.0688282246652379 1.082452065111617 1.0156036778415283 0.7449412330769674 0.6501147441854391 0.6109877654232476 0.7288054605918578 0.7415511183645229 0.758882194961467 0.8543268390939223 0.9413701644959234 0.8494965074772094 0.7576228504584954 0.671984445040905 0.7211763539864837 0.7796910456336835 1.1430356387545886 1.1505195119412057 1.1026582203079465 1.0508902609042055 1.2349512529117097 1.3270505410811753
1.0231174941057337 0.7175690783031605 0.6077160332205761 0.8557968687379071 1.103877704255238 1.3703169546806455 1.3629265974074263 1.2303114824446846 1.124674357821638 0.9711586002862719 0.7797892501235406 0.6922446659322303 0.6647739967871915 0.7145240819592817 0.8809972582512531 1.260168885361711 1.5706239944658293 1.3294845073784232 0.9256944866905571 0.5351388480312695 0.6304573914008096 1.0817383781957246 1.1651175987875384 1.1496079728731694 1.1340983469588006 1.1185887210444319 1.1321581307134971 1.122361473229859 0.8182681441630693 0.5760281877586113 0.6074038536637022 0.7623385919688072 0.8546874516945918 0.8936212763151341 1.082724911037326 0.9908512540186123 0.8989775969998982 0.75568523311353 0.6730744117078071 0.7165058549241241 0.5457890547560225 0.6437530156538572 0.8297485332730907 1.0176267299549522 1.1176857938976075 1.213519373785664 1.3056186619551293
