PyTrx/Examples/results/test_velocity1/asciifiles/KR1_140705_160000.JPG_interpmap.txt
ncols 200
nrows 295
xllcorner 447300.0
yllcorner 8755750.0
cellsize 10.0
NODATA_value -999.999
[rows 210 to 230 of 295, columns 94 to 140 of 200]
1.376286070998549 1.4322716084826523 1.4188513926850033 1.1839230035140866 1.092821705214147 0.9802402100528984 0.8676587148916494 0.7345842007374666 0.6377884440550258 0.7585178425247088 0.9565011527097067 0.7138539452382305 0.8088180103725675 0.9047821401379934 0.8003912936764541 0.6592446026576645 0.7829126333068394 0.8906807356416061 0.9136665356701057 0.8596229443381758 0.8055793530062461 0.7699807841704588 0.7992488686050032 0.8637021087097847 0.872450202131999 0.8319062340347396 1.4179706155039682 1.8453122716478179 0.9561023439564758 0.8474610887870241 1.0543608318602335 1.2547922836182956 1.0599952948609954 0.6327273930599997 0.6011519116385464 0.5695764302170931 0.9420209177622285 1.6434704213382056 2.0461340003110022 1.900043426151377 1.5917808133612672 1.283518200571157 1.2316726062649743 1.279468646125684 1.1083689032547543 1.0613278542179243 1.0142868051810947
1.3553729402946944 1.427768938912973 1.5373054524653957 1.3283007408531378 1.2454813456524612 1.1656424016911524 1.085803457729844 1.0200561522484446 0.9647100557896613 1.1897287666451455 1.41474747750063 0.7934125681520148 0.7685348730420545 0.8695122430110176 0.7583444709864213 0.6115537850234466 0.631160135220093 0.7629613180557998 0.8380415459666446 0.8185041450415418 0.8683349721812287 0.9382010649764165 0.9332309795856438 0.8883720603394688 0.8435131410932939 0.788797298792119 1.075447238780838 1.7999699673022294 1.0336871015267026 0.6897026580712913 0.7162704602688031 0.9167821505260876 1.0341534403434027 0.7817648882635364 0.549020248306084 0.5438483359197089 0.742660566367136 1.218092816971335 1.5985616226740755 1.8851312661345367 2.0640392730158847 1.7557766602257745 1.4148237359813183 1.209718446020315 1.0261265084083164 0.9790854593714868 0.932044410334657
1.3052140780757608 1.728148718928925 1.7243609501403552 1.5153562385280972 1.3063515269158394 1.0973468153035812 1.0165265122428664 0.9534953895685769 0.9934395198991349 1.4055716511469596 1.8177037823947841 1.1171219824126704 0.7999097368300867 0.792860878845294 0.6893812927039353 0.6073569443234131 0.6596045298453798 0.7298394719948246 0.8685167367068732 0.9751374981563065 1.045003590951494 1.114869683746682 1.123395050703521 1.0314610649702651 0.8806190114281915 0.7297769578861178 0.9270863724565873 1.4870014535345433 1.3886879783007064 1.0999842768663588 0.8103216343609771 0.5918761612262884 0.803068009502366 0.6694409759827142 0.5054449060069036 0.5925649734724359 0.6275298522251168 0.5973497306999574 0.8797342538021633 1.1744574164612551 1.7392451151727446 2.228035119880392 1.6494697962649199 1.1399682459149463 0.943884113561879 0.8968430645250492 0.8498020154882193
1.5336676161285134 1.913518089787832 1.8231303063168458 1.67385483086699 1.524579355417135 1.312754170276933 1.0971057361504384 0.9143232392941609 0.9186751051799119 1.32560308474143 1.2939008916208068 0.9973676352622356 0.723258372664363 0.7162095146795704 0.6204181144214492 0.6358013389486998 0.6880489244706665 0.7402965099926331 0.8240759074566466 0.9321594018838146 1.0512487919386213 1.171330868401312 1.1777259686385344 1.0007153952900236 0.8237048219415131 0.6707566169801166 0.7597590338583189 1.6182988878307785 1.6791808111178945 1.3860702479071492 1.092959684696404 0.8250903511192454 0.5854920460437428 0.5727693834597738 0.627294913570703 0.6686332373904016 0.6670911573319205 0.716774103302236 0.6734634383922405 0.5603157321037291 1.0285712654994632 1.4820476374961682 1.536933307803509 1.2848080415408927 0.8651127558485743 0.8146006696786116 0.8357046137813169
1.9037763542348494 1.8400510370778551 1.7536953941603193 1.6633517753808957 1.5140762999310402 1.364800824481185 1.2155253490313291 1.0609547099992314 0.8852364688341476 1.0226249524941364 1.5035533091011222 1.682727555796256 1.1377738829442157 0.6395581505138469 0.6119981480520199 0.6642457335739866 0.8116825617654779 0.9939024091870308 0.7968051491117789 0.9265592367463595 1.0563133243809402 1.1792128010520215 1.238850076625022 1.0618395032765113 0.8960409050027838 0.7376169741929051 0.6354754306735386 1.4279892617295356 1.8988028504109162 1.6687082982425758 1.3755977350318307 1.1049880082446133 1.0065681776705533 0.8194280143797957 0.6094679917709187 0.6568853706484092 0.6651177180794438 0.7824046431568976 0.9466439636670375 0.7562058468937537 0.7232890754235397 0.5669133008611964 0.6254903020907063 0.712290232826325 0.8851067860742698 0.8334163615704512 0.8698492299909686
1.8529396272854144 1.7665839843678783 1.6802283414503427 1.5938726985328064 1.5035732444449459 1.3542977689950904 1.2050222935452346 1.050883728768809 0.8923311990305258 2.009738982940009 2.7187001338843966 2.1737464610323562 1.6287927881803164 0.8771117068496229 0.8975627448351229 1.124693561692888 1.3069134091144408 1.4891332565359938 0.9163638217915316 0.9006692081357863 1.030423295770367 2.824275753852169 2.012399577274897 1.0644962650692653 0.914323535002435 0.7641508049356045 0.6139780748687743 1.029276218830609 1.7209211270526326 1.8601120757289542 1.6582357853672576 1.3848856653699815 1.676251561072433 1.6167189782584421 0.9635299167145834 0.6415013409331246 0.5791344474370946 0.5104068049037209 0.6487696400160847 0.8079221639817852 0.7090309822754218 0.5214053993192029 0.8019293982567075 1.1265209137105239 1.3782123413351888 0.895596920803435 0.7561885160107142
1.7794725745754376 1.693116931657902 1.606761288740366 1.5204056458228297 1.4340500029052938 1.3437947135089958 1.1945192380591405 1.040812747538387 1.7663449630701016 3.424031664092982 3.064396037531864 2.2897864140737743 1.515176790615684 0.740567167157594 1.248259391940263 1.4782704777612503 1.7082815635822377 1.849759279599666 0.9131759024029014 4.7133188078655115 7.084048821447244 9.454778835028979 4.501119879087965 1.2570932827736434 0.8130902314213456 0.6629175013545152 0.5708700172136326 0.6860411309419542 1.4702773534829217 1.68223035237067 1.8214213010469922 1.7557826854217424 2.3459349444743127 2.4140099421370884 1.7608208805932297 1.0656718521795234 0.9305302057138017 0.7953885592480807 0.6637791500865657 0.932676533957089 0.6449539923551901 0.6431748701980391 0.9429996768110713 1.1952799599863606 1.420026670260785 1.1387129639585167 0.721605317111233
1.671441567921691 1.598474963002809 1.5255083580839268 1.446938593112853 1.360582950195317 1.2742273072777812 1.184016182573046 1.0977834638719506 2.1356344538114267 1.960501718993234 1.785368984175042 1.1831288319683062 0.44871575630703203 0.6476464838154058 1.5223805988921246 1.6554018737757592 1.6304199642644979 1.6054380547532365 1.178795463957362 7.093867951274049 13.008940438590734 12.182783986168737 6.989840180901032 1.796896375633328 1.100465075573737 0.6024301560442608 0.559034332179562 0.7085644783057061 1.1930785780268245 1.3511099211719375 1.5759659294911406 1.9349501092768717 3.0156183278761928 3.211300906015735 2.3655570932487002 1.6991609594130386 1.5640193129473168 1.0827620678500172 0.7969046980287613 0.8574098169221324 0.5808770024349583 0.764944341076875 1.0647691476899075 1.3638838114415897 1.5886305217160142 1.5776904427646201 1.24329682401345
1.5165237267506653 1.443557121831783 1.3705905169129007 1.2976239119940183 1.224657307075136 1.151690702156254 1.0787240972373717 1.0228417113647055 0.8755793005580614 0.7283168897514174 0.5810544789447732 0.4797448289617814 0.780403669810572 1.089121980698364 1.6891893282211587 1.7186159373511163 1.4451485206080723 1.361116829906807 1.3050280169187323 7.22010050423542 12.129777979461153 11.12817844396882 8.418479346621396 4.285616677446396 1.441871787903307 0.922599638068321 0.602252472147808 0.7451941518066776 0.9001614128170037 1.1688175202026985 1.4400881785666368 1.7113588369305748 2.6401626871918062 3.494670800511104 2.9427578288312253 2.3326500666465537 2.0162531833468673 1.3276877017257322 0.9300302459709568 0.7821430998871757 0.5868890053426785 0.8867138119557111 1.1865386185687437 1.4863634251817759 1.7572343731712432 1.7307641199971036 1.6328871186831844
1.3445337388288419 1.2886392806607572 1.2156726757418745 1.1427060708229924 1.0697394659041102 0.9967728609852278 1.0068685082643805 1.0058530051191223 0.8585905943124782 0.7113281835058343 0.5640657726991901 0.5735262726960852 0.7398418831817872 1.316051469096293 1.707582404404432 1.8732376777458732 1.1269531079381925 0.974280682480168 1.4312605698801035 6.157873912605937 10.245007365551892 7.95222384471549 5.2425247473680665 2.5328256500206434 1.6661211124352104 1.2148118536871984 0.821804082254543 0.7981030770332432 0.9657445187314415 1.1366926661269792 1.307640813522517 1.575481086006071 2.2336399232686572 2.904946834171362 3.501675294324324 2.949744298843718 2.2611788172225826 1.5726133356014476 1.0631557939131526 0.706876382852219 0.7086584762215148 1.0084832828345474 1.3083080894475794 1.608132896060612 1.8965620254708966 1.9574791963967333 1.6776170807822102
1.154373986227394 1.1283406363607784 1.0607548345708486 0.9877882296519662 0.9208065277312901 0.937442103759384 0.9540776797874779 0.9707132558155718 0.8416018880668952 0.694339477260251 0.6544847979733424 0.667307716430389 0.5848778969062994 0.9252520357981726 1.0841570188349159 1.0617457742818721 0.7054130259915576 0.6881876319840106 1.2071044513723201 4.273103298696675 7.4859683428095805 4.776269245462159 2.066570148114737 1.9551878509249776 1.6273939202202543 1.2995999895155308 1.1074146123888255 0.9406000628993929 1.134011814933246 1.307168917192508 1.454244241504289 1.6013195658160702 1.8630861572919828 2.570079335079318 3.1450531713992476 2.8009803439501813 1.9484279658101242 1.2430798607435607 0.8856218729195203 0.6316096658172624 0.8272844131756181 1.0687328927258812 1.3101813722761446 1.5516298518264078 1.8911448868754386 2.0265336368402767 1.5102701787737218
0.9642142336259467 0.938180883759331 0.9058369933998225 0.8513801232262936 0.8680156992543875 0.8846512752824814 0.9012868513105753 0.9179224273386691 0.8246131818213119 0.6773507710146678 0.8193499683436003 0.7610891601646927 0.6786593406406033 0.6986822470838849 0.9535213615455502 0.9871962261773919 0.9038017340354414 0.7007200616719677 1.0115099621990964 2.3883326847874136 4.31001374355625 2.112873718743812 2.1018504199390975 1.916460658710021 1.5886667280052977 1.1996399600203183 1.3164659176322266 1.3147185890399715 1.3508721181018106 1.5528762224863062 1.7548803268708015 1.953591903666022 2.147184108512731 2.4930669373885808 2.83894976626443 2.7190271983911214 1.4540956840778736 0.6597377685469354 0.4872660075088809 0.6893300745571251 0.854443226437545 0.9652491986316555 1.2066976781819188 1.4759757482933695 1.996216880010455 2.2896593917360657 1.6032137629574503
0.774054481024499 0.8306722085317483 0.8911289791921562 0.908807067518742 0.8152248707774847 0.8318604468055788 0.8484960228336726 0.8651315988617665 0.8076244755757286 0.794822404471681 0.9373004234230861 0.8548706038989964 0.7765111671914211 0.6671608980613144 0.8861515290708166 0.8027570369288664 0.7306551264951033 0.6767144208585083 0.7328963691244434 1.80662066210323 2.2584223500952714 2.2473990512905573 2.2055273971997877 1.8587211893808213 1.4653755184694115 1.0720298475580012 1.4191905358475738 1.6739114973753537 1.5342320791369566 1.7235122553296036 1.9011243317789042 1.7006702759085561 1.6129250034372333 2.117534711109877 2.5328463611296126 2.623706360205855 1.4890383376211345 0.7316430467048141 0.6015786433419364 0.8382245649129655 1.0844358216429621 1.1856555675563678 1.2586983377532504 1.3784605096147584 2.0374180284407823 2.5527851466318547 1.819079713176787
0.9517949486524016 1.01213769111566 1.079377515561806 1.1539909024812687 1.1640083357681372 1.03203012807404 0.9000519203799426 0.8123407703848637 0.7906357693301455 0.9596875748419389 1.0310818671573898 0.9890119169693725 0.840341402333448 0.6916708876975237 0.8141637222010989 0.7602230165645038 0.7062823109279086 0.6729427966081049 0.6454323118395096 1.3548974647523397 1.8930760685580383 2.249341219328536 2.1244567478299143 1.7311110769185045 1.3377654060070945 1.090317269599148 1.5219151540629208 3.3359977813971113 1.6827127831858324 1.7172077608843224 1.5167537050139743 1.316299649143626 1.1158455932732785 1.5493517255665374 2.0539614332391807 2.501626037053196 1.4673730308416193 0.620457420914722 0.7321532493526339 0.7046400174870584 1.0963101045578898 1.423495472235603 2.0233923426092817 1.802872689611546 1.4041658146591496 2.0631233334851733 1.9667213247562754
1.1332604312363133 1.1936031736995718 1.267626051931456 1.3422394388509187 1.4168528257703812 1.4192096040175324 1.287231396323435 1.1552531886293378 0.7831274911282772 0.9509516008977259 1.2318549233787666 1.144049475220129 0.9656575978835384 0.6388754236908276 0.7792730276782858 0.7358502009973091 0.7051593491454533 0.6776488643768579 0.6501383796082625 0.9031742674014498 1.2795538361174439 1.667610566133196 1.6345031880857768 1.3917198485525204 1.1489365090192643 1.1816638525654664 2.139627478795973 4.294302049039945 3.6901448050816046 1.5882094402890767 1.3354430423247983 1.0826766443605196 0.8299102463962412 0.8739732140395253 1.280538274216323 1.6871033343931203 1.2141686294790959 0.7271906251984862 0.8429727515521084 0.6409521078175764 1.4698182110072073 2.188189477091634 2.7880863474653133 2.754033711044092 1.384751207556971 1.4298711197035405 2.1320266602230458
1.3147259138202254 1.3812612013816432 1.4558745883011057 1.5304879752205682 1.6051013621400307 1.6797147490594935 1.6085089067425804 1.2315197456462115 0.8545305845498425 0.9853933857096799 1.3802164679252191 1.2704446692754814 0.8783578838533471 0.4913841607989511 0.7071198877644308 0.7194588039409804 0.6835821342616345 0.6477054645822886 0.6118287949029426 0.8248264369328064 0.8998176752519915 1.2723951410460665 1.4636650230377186 1.3224771037033929 1.196726492230515 1.138353007134313 2.063492831427111 3.7203694902957203 3.554597703975408 3.3888259176550948 1.504981711654147 1.2522153136898688 0.9994489157255899 0.8079626424683626 0.7655061362309398 0.8414753822807796 0.9661428467546013 1.0797730708919606 0.8777524271574286 0.6757317834228966 1.0912975833487237 2.6761869585770532 3.5527803523213453 3.705194732476638 2.335912228989517 0.9666297255023965 1.9348226635082582
1.496191396404137 1.5695097377512925 1.6459489601483535 1.7696120948498537 1.8932752295513535 2.0169383642528538 1.7420922265862708 1.3627708998891284 1.1362194012056883 1.0601575701676338 1.4449821149926143 1.5157275803001502 1.1298722623724646 0.7552217822028418 0.5334216091020714 0.5545515020013299 0.5580724332609199 0.5615933645205099 0.9624368773193295 1.2916315282008863 0.6779195663363718 1.2064272812416967 1.585791798147511 1.459907461526765 1.3575594089047993 1.255211356282834 1.987358184058249 2.5460730636936444 2.3803012773733316 2.2145294910530184 2.0487577047327052 1.882985918412392 1.1823545135610245 0.9933188729267234 0.8502390105835 0.9071018281186903 1.318238091973344 1.268535569237108 0.9780450881480555 0.7105114590282169 0.712776955690241 2.2976663309185708 3.8825557061469 4.656355753909184 3.1919228062327063 1.471843590768898 1.3404131053115949
1.7937348380778027 1.9022060938441814 2.025869228545681 2.1495323632471814 2.2731954979486813 2.277955377168903 1.8846479636418165 1.5971586208449986 1.4212576344912085 1.147044028465868 1.5010459361823454 1.6493367637621852 1.1435504338043325 0.6689189631046895 0.5970979592446051 0.5522654801793949 0.6382092456626569 0.5506183964398621 0.6840200579165501 1.1529421729475355 1.2810126491825966 1.2776553185805657 1.6186858564430706 1.5697783104718814 1.5183923255790839 1.4160442729571185 1.537548423411881 1.371776637091568 1.324733345009059 1.290954707769755 1.257176070530451 1.2233974332911473 1.2205209794587335 1.1294581329290447 0.9710961621696194 0.991999282437885 1.128155849034755 0.9934047483651716 0.7811364296949168 0.568868111024662 0.5470635098493255 1.1875141299149234 2.6903089007175702 4.115438505678607 3.025935004778149 1.7000249481177185 0.7898969663143656
2.0057043927550926 2.307456307921592 2.405789496943009 2.529452631644509 2.653115766346009 2.4205111142244484 2.021648985789329 1.6219816236779356 1.4447073971361954 1.0485784704986143 1.307178777429028 1.428744166147402 0.9229578361895494 0.7757832734434933 0.7039622695834088 0.6321412657233244 0.637794207129509 0.5863594002377227 0.6759926272241318 1.064617722427803 1.221983757336425 1.394704927180774 1.3777333963659693 1.4081560519864453 1.4385787076069216 1.469001363227398 1.313444088980237 1.231224404736642 1.1729650674818612 1.1147057302270804 1.0737989083848336 1.0400202711455298 1.054218433836163 1.087269646723135 1.0105375299573576 0.7404592161146217 0.7806909148197965 0.6035992291167342 0.5487745242357652 0.6648752274502027 0.5903620848894275 0.5986743650692615 0.876959813302257 2.5375015694453102 1.447998068544853 0.617125204125281 0.7270029587927176
2.1925895142997716 2.734504303921018 2.821177777765382 2.909372900041837 2.9563742648070805 2.557527724490614 2.1578603623792207 1.758193000267827 1.3864416968283402 1.1384100637672547 1.1440312891824573 1.208151568532619 0.9544685876423815 0.8826475837822971 0.7929937605224443 0.6603953492895117 0.6151891149524767 0.5637153457290002 0.6214265567574132 1.251520707498559 1.8280464877318043 2.099555322847704 1.5291165512201281 1.5595392068406042 1.5899618624610805 1.445532310519202 1.2868926799627172 1.1548300055990324 1.095101649595568 1.0368423123407875 0.9785829750860067 0.9296182848932503 0.9576178851178794 0.9871669918218098 1.0167160985257402 0.8874116618967174 0.5341781165425047 0.6117290538935942 0.7278297571080317 0.8386113421039509 0.6336606599295296 0.6253556547832932 0.8385902989962446 0.9986538444726116 0.7513656278953332 0.894891540454434 1.040066756130477
2.3794746358444505 3.1615522999204435 3.1879101820390128 3.1206572802793158 2.901043176099566 2.5692513267261576 2.2374594773527487 1.8944043768577181 1.4947370147463246 1.221606399489359 1.167142226233692 1.074000511944097 0.9414021007111646 0.8088036894782321 0.6762052782452996 0.8805161392953069 0.7181168053955926 0.5402573432999714 0.6015062212146414 1.311088961810257 2.997659480537884 2.6203765970676773 1.79403319446365 1.710922361694763 1.5881017786952778 1.4176980941606834 1.260341270945197 1.128278596581512 1.0172382317092754 0.9589788944544946 0.900719557199714 0.8943295894971082 0.9222747784910803 0.9502199674850524 0.9791651677300839 0.8906881363810956 0.8691941685898364 0.9029479628212592 0.9068849899802981 0.8819099171440531 0.728384748391055 0.7481906380886608 0.8470196375760305 0.9176049064401066 1.0627801221161497 1.2079553377921932 1.3531305534682363
